&NPZD_DATA
 N= -9999.0000000000000     ,
 P= -9999.0000000000000     ,
 Z= -9999.0000000000000     ,
 D= -9999.0000000000000     ,
 /
&NPZD_TIME
 START_TIME=  1.0000000000000000     ,
 END_TIME=  365.00000000000000     ,
 TIME_STEP=  1.0000000000000000     ,
 /
